# p-values from toys
# ------------------
0.76  
0.25  
0.26  
0.48  
0.61  
0.73  
0.73  
0.34  
0.54  
0.24  
0.24  
0.58  
0.48  
0.28  
0.25  
0.14  
0.77  
0.18  
0.31  
0.6  
0.27  
1.0  
0.59  
0.84  
0.97  
0.6  
0.13  
0.55  
0.44  
0.49  
0.02  
0.58  
0.64  
0.99  
1.0  
0.5  
0.81  
0.1  
0.08  
0.28  
0.89  
0.44  
0.53  
0.97  
0.37  
0.03  
0.02  
0.47  
0.47  
0.94  
0.95  
0.45  
0.46  
0.95  
0.22  
0.93  
0.23  
0.48  
0.01  
0.05  
0.18  
0.82  
0.92  
0.41  
0.87  
0.42  
0.72  
0.47  
0.59  
0.03  
0.62  
0.29  
0.0  
0.42  
0.22  
0.18  
0.83  
0.31  
0.14  
0.62  
0.55  
0.57  
0.79  
0.43  
0.33  
0.57  
0.66  
0.32  
0.44  
0.94  
0.68  
0.3  
0.89  
0.37  
0.35  
0.68  
0.73  
0.87  
0.11  
0.69  
0.11  
0.59  
0.2  
0.87  
0.5  
0.61  
0.15  
0.97  
0.94  
0.44  
0.44  
0.86  
0.91  
0.08  
0.81  
0.58  
0.21  
0.34  
0.48  
0.36  
0.1  
0.97  
0.72  
0.68  
0.12  
0.54  
0.96  
0.17  
0.3  
0.03  
0.27  
0.01  
0.13  
0.82  
0.04  
0.52  
1.0  
1.0  
0.84  
0.13  
0.66  
0.03  
0.02  
0.25  
0.67  
0.65  
0.47  
0.51  
0.14  
0.47  
0.3  
0.28  
0.35  
0.56  
0.95  
0.56  
0.05  
0.59  
0.94  
0.62  
0.76  
0.21  
0.19  
0.44  
0.09  
0.17  
0.12  
0.03  
0.64  
0.72  
0.77  
0.74  
0.13  
0.7  
0.04  
0.83  
0.04  
