# limits from toys
# 
# observed -2sig -1sig median_exp +1sig +2sig
# -------------------------------------------
0.621409912541  0.219441196415  0.297106078389  0.413077925645  0.580561769645  0.790858862917  
0.651610507133  0.21774315697  0.297012093722  0.415180284414  0.589439167925  0.808605849433  
0.4813427774  0.204374181135  0.275749377728  0.386466359732  0.545328012601  0.743299045482  
0.859439829177  0.212427042101  0.290487569486  0.404802165859  0.569259728895  0.776034339628  
1.07840896144  0.196426045841  0.260261491006  0.365238199306  0.517796264321  0.709549939439  
0.769027089017  0.209001304926  0.28575736366  0.399262166836  0.562711296201  0.768270666129  
0.555756091177  0.195945158925  0.259738561879  0.364518344245  0.51671931416  0.707686174514  
0.602826212485  0.208986443821  0.285646581238  0.398925991965  0.561854959826  0.766407436654  
0.506314763399  0.202511252165  0.27198252082  0.382314269311  0.540720350881  0.738108044857  
0.878283281087  0.207566612679  0.282478231305  0.394593560827  0.555445794417  0.756328892842  
0.503591292458  0.210310404882  0.288687252401  0.403329318166  0.568709191052  0.777372353033  
0.419033501438  0.208021026312  0.283967997165  0.397577588341  0.561609486381  0.768740433744  
0.380919106055  0.205488759893  0.27781704456  0.388442848565  0.547003057783  0.744368171361  
0.803104983085  0.218721391237  0.29534447317  0.408885041431  0.571282804537  0.774196421823  
0.876594302805  0.19610153999  0.260044861225  0.365222401312  0.518248228937  0.710902305458  
0.770498229438  0.208923611251  0.285528836637  0.39886070916  0.562038444931  0.767253744393  
0.628183358446  0.211650469411  0.289929927836  0.404382089047  0.569147179132  0.776473402227  
0.408556896106  0.227107690108  0.30449958538  0.423192444521  0.598338746579  0.813550979012  
0.711031494935  0.206083895131  0.279124288312  0.390120381286  0.549264733357  0.747598749308  
0.424855513165  0.221020050227  0.299325757429  0.417219382459  0.591995504049  0.810389612616  
0.959757430788  0.214252620495  0.291351257503  0.404275179842  0.56589078184  0.76766714401  
0.560556434353  0.198205786446  0.261963097065  0.366945805601  0.518903573084  0.708949485692  
0.654809919512  0.21893318267  0.296221418374  0.411123985115  0.575838468688  0.782209586853  
0.642142922578  0.203497030102  0.273175030677  0.382138357289  0.53780619404  0.732346828835  
0.750472583925  0.207665071778  0.282259081518  0.393552281302  0.552831407443  0.750899829562  
0.687903492835  0.205614392624  0.278373121553  0.389612888994  0.549211493486  0.748230489084  
0.6360063856  0.216518080709  0.294407020764  0.409846783686  0.57613915514  0.785876017059  
0.785037444324  0.230697852204  0.309035799443  0.434523254695  0.61479826869  0.838240108212  
0.475477777567  0.20176526421  0.269703576056  0.378422940813  0.533856117286  0.729638302959  
0.589156504065  0.208245059791  0.283638331996  0.395580172211  0.556039400001  0.756221580292  
0.709273762517  0.207932242596  0.28305931158  0.395017931343  0.555629239306  0.756248969097  
0.490070521299  0.230424470287  0.308212143577  0.431696161088  0.609972277816  0.830556035014  
0.511545346241  0.213998748033  0.291319365426  0.404623784309  0.566983759473  0.7701156222  
0.752673281023  0.217010377233  0.294667857242  0.409771976733  0.575330483955  0.78375434888  
0.845349075859  0.200572070487  0.266856379653  0.374521908068  0.527908056702  0.723171971768  
0.761969267428  0.20732041666  0.281763747555  0.393415143116  0.553598403632  0.75364738108  
0.892946621766  0.211260570435  0.288433820653  0.400443099917  0.560654862739  0.760242001288  
1.02931005234  0.201309280656  0.268684266848  0.377078719029  0.531743316447  0.727085474685  
0.786262937491  0.207206230296  0.281088745416  0.391757281195  0.549923051675  0.746035554838  
0.767465629881  0.210779074128  0.288541903525  0.401580703756  0.563745056516  0.766740177336  
0.418538719595  0.218098016872  0.296263484078  0.412834751352  0.582241444601  0.796146081006  
0.514717212785  0.198361567444  0.262602889028  0.368992198271  0.523100682114  0.717753911853  
0.502776494251  0.212393069053  0.290683593154  0.405452774441  0.570804852835  0.779169674788  
0.780757116259  0.212036615576  0.290151475199  0.404429891808  0.568904020841  0.775859805941  
0.807088793946  0.196922191553  0.260680086139  0.365493591819  0.517462382489  0.707756383573  
0.584747960501  0.225352441225  0.302651031957  0.419807267927  0.59291221719  0.805960917238  
0.73397213636  0.201845550039  0.269346810095  0.377068074486  0.53052696994  0.725016443409  
0.790658368285  0.203095680464  0.27307885992  0.383268186868  0.541132023508  0.737130436805  
0.943053391409  0.207287480689  0.281234371199  0.391903828817  0.550128471455  0.746435949649  
0.536376024148  0.200482426378  0.267015883807  0.375376362839  0.530227078768  0.726550050056  
0.818487771785  0.220775357996  0.297687790788  0.412533874607  0.577230692873  0.783915975838  
0.408437690246  0.223923102419  0.301327849415  0.418253777875  0.590265622644  0.803041897461  
0.494415536495  0.209736603702  0.287110800193  0.400614502969  0.56388613297  0.768980134956  
0.533816527004  0.207716627596  0.283158647518  0.396156068428  0.558790589123  0.762950051772  
0.437509901021  0.214165479015  0.29167619987  0.405426006413  0.568616290764  0.773157468081  
0.719088665696  0.210255551796  0.287825703133  0.400856591386  0.563127987796  0.766423643312  
0.596047920389  0.222773775001  0.299535526841  0.414768788582  0.580646146994  0.787757890264  
0.791141230617  0.21044893643  0.28811762928  0.401035831783  0.563105845619  0.766111367778  
0.854735268601  0.204863181083  0.276216744982  0.385996607507  0.54296190384  0.737351352423  
0.956830184007  0.208719497528  0.284416295972  0.396221391353  0.556502804089  0.756608814283  
0.778559250215  0.208902944131  0.285991931661  0.400317652423  0.565278131772  0.773321863786  
0.589211566546  0.204587710567  0.275606517488  0.38523950349  0.542027574526  0.736438813023  
1.04587035534  0.199668599924  0.264753312805  0.371717336496  0.524617539642  0.718487237556  
0.860592645916  0.192016668103  0.255071454413  0.357513740845  0.506013976363  0.690512022491  
0.568145891718  0.203432809087  0.273196587636  0.382375395863  0.538329849721  0.732915377319  
0.928465323481  0.206197252487  0.279914511924  0.392097522187  0.553512582523  0.755891452925  
0.431315126827  0.23859448263  0.315856434459  0.444991311008  0.623424529688  0.844912316489  
0.914707066389  0.194392980418  0.257995042282  0.362111314451  0.513380917925  0.702756001513  
0.401694520585  0.221714639226  0.299384117419  0.416092448693  0.586708324003  0.799036083662  
