# limits from toys
# 
# observed -2sig -1sig median_exp +1sig +2sig
# -------------------------------------------
1.17623511539  0.296122141145  0.397279604845  0.553315771473  0.775321825491  0.947368942278  
0.838556859528  0.285571029805  0.382364180888  0.582926933775  0.819960176829  1.07705897491  
0.715416687636  0.320331917959  0.43230468409  0.60376016206  0.84506134196  1.09811757943  
0.97915427675  0.289706591741  0.388268441898  0.588423587718  0.826566331233  1.0827899363  
0.545554678452  0.330882736987  0.445273594972  0.620052111196  0.870438731455  1.11683080508  
0.391301492851  0.312236403287  0.41990608597  0.587563348118  0.825340353442  1.08153925563  
0.793168665393  0.289810301862  0.411285183758  0.582581428647  0.81978848768  1.07719194301  
1.05450986897  0.279763508009  0.374198536883  0.52245725253  0.733935801095  1.04766275824  
0.764279847437  0.329268018301  0.443312458277  0.617627505531  0.866779476778  1.11404076448  
0.936234769023  0.294651106374  0.395281339003  0.602009285729  0.842951848294  1.09721366941  
0.464300825896  0.309501901335  0.416088952128  0.580123740101  0.816463071809  1.07399494152  
0.344052587713  0.33003091214  0.444228808512  0.618740442454  0.868425292831  1.11525550818  
0.507139619909  0.310717275108  0.417868216944  0.583836770914  0.82124590811  1.07836576014  
0.462076627336  0.310676962951  0.417730943286  0.583337556474  0.820295510227  1.07721304243  
0.926954866326  0.291084023429  0.390198014911  0.592891567335  0.842105263158  1.08756328178  
0.337821702768  0.328214256205  0.442093350679  0.616251774498  0.864994264316  1.11298619008  
0.566817879254  0.317574382666  0.429048510889  0.59991261933  0.840171077622  1.09478176883  
0.813551642979  0.288396688723  0.386525900695  0.574546245701  0.808441440539  1.06821193604  
0.732333550894  0.321112778805  0.433236216549  0.604884176768  0.846769786876  1.09927218329  
0.686888628027  0.313496789792  0.421924723685  0.590739153725  0.828909412579  1.08439939867  
1.09257235077  0.280136608706  0.374597289228  0.52265467397  0.733846301867  0.99831456903  
1.02263473627  0.28602837745  0.383066239015  0.533259999401  0.842105263158  1.07619618656  
0.409760553892  0.322414453424  0.434938037111  0.607213834802  0.850837424525  1.10247172108  
1.05345195127  0.29044880273  0.389111749439  0.541410404432  0.759166005389  0.947367836049  
1.60955481826  0.283196961015  0.379003413755  0.527368917799  0.741370197799  1.00405576582  
0.875983685341  0.281007843541  0.375922534653  0.524065337668  0.842105263158  1.06053202979  
0.529734591732  0.31476958115  0.424697633015  0.594415618164  0.833584621897  1.08884482699  
0.964180954967  0.288047650747  0.385935853522  0.537366173787  0.842105263158  1.07136664572  
1.17710765882  0.280541899502  0.37516829274  0.523196968873  0.73457358298  0.996343429699  
0.493381994766  0.325057521378  0.438022599101  0.61078314889  0.855770996944  1.10548100049  
1.02896482433  0.30530274454  0.410111044384  0.630895928638  0.886980720994  1.13033234354  
0.89723106427  0.280358164551  0.375044458461  0.523276549877  0.794676436447  1.05721785635  
0.571424217262  0.327700623932  0.441475585003  0.615497385734  0.863859526183  1.11214657895  
0.650764559803  0.331355348196  0.44587177835  0.620835350055  0.871698825023  1.11787605691  
0.528023194236  0.308987863522  0.415468180644  0.57918626908  0.81578971743  1.07387513891  
0.443859361307  0.326104131534  0.439546008232  0.613133938259  0.860334714812  1.10960723609  
0.711598584431  0.334216902523  0.449363661463  0.625156540791  0.878109850473  1.12278374588  
1.24212864049  0.280699776565  0.375453380932  0.523563904491  0.735263208953  0.997559435833  
0.751646342481  0.322805958551  0.435518521248  0.608130713907  0.852689436946  1.10415878555  
0.802110153044  0.281500861574  0.376659152097  0.567376453628  0.796035146648  1.05822285323  
0.922564346355  0.288277116169  0.386236531971  0.537742400756  0.818434795347  0.947369783611  
1.03084047228  0.281809321733  0.376976225101  0.524972254414  0.842105263158  1.07586014697  
0.453889298604  0.317858858424  0.429351434676  0.600218165519  0.840436744534  1.0949438956  
0.804859501363  0.296162395094  0.433959908659  0.605955697265  0.848788827906  1.10094920638  
0.56330981992  0.302592686373  0.406533365083  0.566656514061  0.79449696074  1.0567505781  
1.24324066326  0.290402984299  0.38922269435  0.541945853666  0.760537747149  1.02287253878  
0.556838798717  0.315059351177  0.42533485106  0.595267266591  0.834686400996  1.08991926067  
0.688606774057  0.295420877071  0.409331262641  0.570518095451  0.801085774357  1.06183300309  
0.983884829202  0.299479105072  0.40203481788  0.621166214135  0.894736842105  1.11908065516  
1.28051053822  0.292280670597  0.391879103219  0.545719900958  0.765487063057  1.02783132744  
0.366258472428  0.331593263328  0.44611215543  0.621029414356  0.871740887629  1.11763508891  
0.848089806494  0.287145583492  0.384648942361  0.578722171372  0.814988722229  1.07304944757  
0.804477281027  0.297916012128  0.442644439771  0.6165555264  0.864626214187  1.11193288616  
0.416534630562  0.353103846343  0.472596004949  0.66194093812  0.92831859052  1.16080756351  
0.362817162484  0.311223635855  0.418600075552  0.585330826909  0.823168433437  1.08016910201  
0.51909079458  0.338957773825  0.455260867264  0.633059018015  0.889563437221  1.13243574131  
0.412910422432  0.334058793558  0.449118307449  0.624766868527  0.877368214069  1.12206902184  
0.594712821047  0.312724540282  0.420705791258  0.589427774219  0.828065675669  1.08440164376  
0.55442675743  0.326596441002  0.440059983415  0.613595294808  0.860694063283  1.10959542296  
0.617599994183  0.31380873732  0.422751611796  0.592057691075  0.830915493645  1.08660841546  
0.723364554067  0.279042824006  0.403677801823  0.562868949355  0.788661762544  1.05251526253  
0.498236678009  0.329980015317  0.444054384765  0.618315848711  0.867342412695  1.11402289311  
0.707627623895  0.306068996046  0.418581961834  0.584936147157  0.822083984149  1.07858968771  
0.593880684065  0.317992453434  0.429338205225  0.599880780712  0.83946765993  1.09342106519  
0.670460438474  0.314294092984  0.423644041622  0.592992804016  0.831731427474  1.08700246455  
0.645596488489  0.324192768736  0.437093835334  0.609853738774  0.854827904886  1.1052241187  
0.893364753947  0.300025062032  0.402789924442  0.61461399356  0.86235662062  1.11089679658  
1.17969657114  0.288348002731  0.386368489181  0.538001871793  0.755578968071  1.01821676396  
0.319970819099  0.322437542036  0.434994192075  0.607312570411  0.851071222395  1.10272253264  
0.602544840353  0.339424541666  0.455670632501  0.633385925808  0.889389541891  1.13178692458  
0.664271600652  0.329960860559  0.444216496324  0.618869613929  0.868905498247  1.11587637472  
