# limits from toys
# 
# observed -2sig -1sig median_exp +1sig +2sig
# -------------------------------------------
0.904941193633  0.29685046782  0.397821507863  0.549975116975  0.759573681378  1.0072462338  
0.986699781705  0.28142196491  0.373484021655  0.516735396392  0.715307172721  0.953009592408  
0.654923417511  0.279040201465  0.378063827084  0.530096778219  0.743344860329  0.999249572518  
0.731294207263  0.270689569706  0.361319466917  0.499260367383  0.687694659643  0.920257948306  
0.785317527355  0.268497476384  0.359307855738  0.495885503485  0.683131019073  0.915352514351  
0.621446319044  0.301954663601  0.402996503914  0.555413791398  0.766483405016  1.0145725317  
0.465935436566  0.281302542298  0.374450260439  0.519166460687  0.721411925238  0.965004459701  
0.677934622749  0.286716665744  0.384620304753  0.532909381228  0.740128090434  0.990582268249  
0.479168711727  0.283120490856  0.375205308394  0.51790150165  0.716980428959  0.956185415889  
0.524069369679  0.292503633753  0.390399323804  0.538528891195  0.745253876588  0.99437100163  
0.554757258793  0.28317085188  0.375304706429  0.518276545894  0.718008870948  0.958057773352  
0.283800659737  0.254588147345  0.340822702793  0.468494469749  0.652546849794  0.876304770383  
0.597551093935  0.266990192974  0.359692967907  0.500274202626  0.696064760423  0.936370130838  
0.752408032694  0.303881092964  0.405344223183  0.55828189439  0.769724789358  1.01729615597  
0.355337524824  0.285199696722  0.377610796739  0.519322089381  0.717087979558  0.952956272813  
0.448840796516  0.29800607614  0.39893139384  0.551753289564  0.764161442009  1.01413104037  
0.476198732243  0.280271306929  0.371253915406  0.514208676896  0.711703279197  0.948105667341  
0.565944779282  0.278829612633  0.369974550796  0.513981259255  0.712951544692  0.9518296089  
0.420215009463  0.275282826873  0.366005202595  0.508076446962  0.703005206645  0.938316329544  
0.671656612896  0.281269867329  0.378586589653  0.526629834412  0.735509714621  0.988621255049  
0.463276373615  0.301564005173  0.402399061283  0.554636506697  0.765494848882  1.01326511328  
0.334041935523  0.288402930312  0.383905414127  0.528706324604  0.733466397323  0.981893959216  
0.734107134502  0.276929721112  0.366186625791  0.505865083104  0.695585403797  0.926508738301  
0.35252278122  0.282897454333  0.376277912596  0.520713942207  0.723625794686  0.968583733462  
1.11014166844  0.289977083231  0.384195057502  0.525408658645  0.725100403984  0.963668215338  
0.702280287003  0.292178258997  0.388159846857  0.532792422263  0.735055452084  0.981010443821  
0.366770146643  0.281713680864  0.374233790072  0.518243766977  0.719525972697  0.962456108969  
0.301950258868  0.314833948667  0.420882703301  0.580873377817  0.802013870085  1.0469820332  
0.569129217694  0.280635114058  0.372491931684  0.516280997329  0.715977311925  0.955790059678  
0.432101702847  0.283148508673  0.37546929451  0.518370592065  0.717757647494  0.956973152068  
0.633772642304  0.303398780911  0.405609273417  0.560115593844  0.773926346522  1.02268164576  
0.332570318663  0.281357797  0.372817568133  0.515730523903  0.71395957878  0.951640382627  
0.670479293702  0.280665742345  0.371933626296  0.514933373124  0.712683703334  0.949169622513  
0.617862883636  0.297382675094  0.403625946418  0.564061355772  0.785369352373  1.03877478845  
0.691924978338  0.274508374481  0.364822218016  0.505360442431  0.698122216088  0.933123475533  
0.57677049082  0.292931469851  0.395816772227  0.552339221648  0.770829327847  1.02593608779  
0.583277417341  0.258054169485  0.346396476903  0.474535423412  0.660849848859  0.884431354036  
0.418677726666  0.262432486088  0.354102346314  0.488538917323  0.676677169596  0.906950271164  
0.314277501536  0.283125902227  0.376042236138  0.519754731039  0.721173679018  0.9640040153  
0.522871032728  0.287447747232  0.385847444742  0.536116220409  0.748048700311  1.00269628951  
0.840757354514  0.259613511737  0.349164830119  0.479589653869  0.666450412169  0.8909655161  
0.46081554531  0.301493654514  0.404221051315  0.559881658756  0.775832657072  1.02680695272  
0.540672210015  0.311988961889  0.415633893813  0.570622538119  0.782497162261  1.02680584029  
0.647338804662  0.271325286025  0.362320406102  0.501838041943  0.693239754984  0.927652127255  
0.377843611325  0.267250840288  0.358711061249  0.495914108745  0.684358534031  0.918666087098  
0.539372717863  0.28528539657  0.382354746908  0.530087938009  0.737976993907  0.990713374058  
0.76880102362  0.294960874005  0.392392053653  0.539512893197  0.744341799093  0.991481622606  
0.366433832735  0.308831849875  0.411715820483  0.566029755167  0.777739264493  1.02292786247  
0.614428435989  0.301118490878  0.402044316255  0.554811110195  0.767052410024  1.01637391711  
0.53345554546  0.306019612312  0.408500207168  0.563017381061  0.776302707426  1.02401584264  
0.654582416645  0.282044472204  0.379922225131  0.529136279558  0.739456643228  0.994234905266  
0.550906282856  0.280105025812  0.37884805617  0.528726011314  0.73989476418  0.995850743697  
0.647787640515  0.288269752213  0.384539634965  0.530623591454  0.735882012125  0.985320249743  
0.681649132745  0.291310740732  0.38785633675  0.533905059719  0.738118074506  0.986800530516  
0.361612661201  0.274548928214  0.364772083929  0.505010547143  0.696919978736  0.930905574279  
0.678713448257  0.259623886392  0.349391293121  0.480553618291  0.66832923723  0.894265069856  
0.430761776955  0.293458821772  0.390189307164  0.536273022395  0.739846855227  0.986989296032  
0.423400959949  0.303952716504  0.40502511632  0.556997144667  0.766726979009  1.01307325243  
0.382983794325  0.298970082519  0.399201828906  0.551118586856  0.762699743645  1.01255160669  
0.52278092272  0.297527187643  0.395521257833  0.542893866579  0.747150482254  0.992775770943  
0.608712240789  0.285391530685  0.379910807991  0.524382241959  0.729092896534  0.97690491342  
0.436311233594  0.29548086159  0.397278734024  0.551726296296  0.766737113921  1.0188832264  
0.599087315471  0.280173661788  0.378021416271  0.527018266378  0.736264138133  0.990661031823  
0.645308111998  0.260143792  0.350287838958  0.482003650063  0.669534600828  0.895035874399  
0.58949531906  0.269946229904  0.361316128052  0.500718205972  0.692677516516  0.928563078799  
0.47456405431  0.289434215078  0.383794647636  0.525656894718  0.726830590853  0.968567041888  
0.365174551388  0.283625856609  0.377320960935  0.52179852968  0.725491234824  0.972139086338  
0.311440378329  0.24706417452  0.328158959832  0.454796726169  0.630237920559  0.849672258407  
0.622595773989  0.291816062235  0.388587230936  0.535050917123  0.740057279889  0.989472343633  
0.363993116682  0.287764232656  0.382170445146  0.524877279513  0.72646532342  0.967905968482  
0.629132690408  0.300401897127  0.400893722682  0.552975510432  0.764528908275  1.0141166833  
0.795042775471  0.268162820002  0.359631656426  0.497735081806  0.687591028472  0.922358174609  
0.552627555638  0.287327029272  0.38166322288  0.524407716434  0.725251955112  0.965743833861  
0.493720096721  0.287500638994  0.389365912613  0.547187856824  0.767655564878  1.0252434129  
0.853478178499  0.299219146158  0.401380758891  0.555884960491  0.769816256016  1.01930886701  
0.575003299561  0.272957436257  0.36404885887  0.505296655624  0.699819612988  0.936367951645  
0.82641212361  0.272883853741  0.363488598012  0.503505838137  0.695707628203  0.930586367219  
0.47674210393  0.279101991412  0.370468472374  0.514565370738  0.713939751058  0.953452372669  
0.561615937681  0.281282929337  0.373430717788  0.517307014576  0.717975730687  0.960108254147  
0.536540721829  0.296053400652  0.395172749209  0.553764349116  0.779090608404  1.03816311293  
1.04000166987  0.25935420683  0.348775931155  0.47903051554  0.665858862631  0.890025030887  
0.705188834556  0.285402696924  0.384922373614  0.540989062089  0.759340208796  1.01649843297  
0.420091007395  0.273736881274  0.364035000725  0.50379610996  0.695066718168  0.928913702399  
0.596343885924  0.255713365357  0.342852540417  0.470857076863  0.656413513924  0.880551648336  
0.404003240969  0.296728370528  0.395332242036  0.544185086627  0.751114934587  0.998773519935  
0.394722802944  0.288721560734  0.383123672662  0.525737283223  0.728141990404  0.971570949651  
0.657393315419  0.288134887071  0.383085801257  0.526481200142  0.730021562237  0.975306745204  
0.576306732326  0.258369969206  0.347402319562  0.477317192166  0.664963563509  0.890355130003  
1.01194600633  0.281925673323  0.37252027348  0.513942264747  0.708456217641  0.941083192175  
0.526791633293  0.276988429089  0.367756671647  0.511812451578  0.710735347965  0.949940020225  
1.01922833222  0.279399171906  0.369605408866  0.512088825395  0.707609434552  0.942442036877  
0.328266131312  0.254910314665  0.341864042326  0.470277013228  0.656366290505  0.88139960503  
0.688423305289  0.260879626882  0.351254207616  0.483287255782  0.67088965107  0.897960074742  
0.309003274794  0.256914324182  0.345100117553  0.473668482278  0.66139967881  0.88654582679  
0.469796534873  0.274159116713  0.365562293897  0.508885329908  0.707390464065  0.946779885915  
0.727016685837  0.262579736826  0.354152153804  0.488413101676  0.676712010961  0.907991232764  
0.403247290038  0.2953692125  0.395391429573  0.547421514419  0.760003601268  1.01180542208  
0.506059299955  0.270981553174  0.361158525203  0.498324535106  0.685644784319  0.918152355178  
0.509698836927  0.27489419113  0.366817456361  0.511593611841  0.711980367739  0.953510326861  
0.572802055868  0.291519199091  0.387235240805  0.531022796987  0.732511859232  0.976005280824  
0.476324273077  0.297322746217  0.395282634362  0.542437978902  0.746503626143  0.992643834686  
0.441798554322  0.276006058283  0.367017485413  0.510578936496  0.708481084158  0.946173123992  
0.489407721126  0.291322229539  0.388211649128  0.535193679794  0.741378356105  0.991818973563  
0.746723722926  0.273614614281  0.364965257088  0.50749903915  0.704386273443  0.942519185588  
0.627614288005  0.291816561289  0.388317853596  0.534213504724  0.738090647065  0.986392369439  
0.65517682367  0.288163922934  0.384222027518  0.540828030591  0.762946476128  1.02195563988  
0.679918581762  0.295003971663  0.391427705539  0.535667191963  0.735661902464  0.979267848484  
0.948345246964  0.290394665158  0.385891872406  0.529714312451  0.732204770172  0.977264735035  
0.26141153667  0.251954374917  0.335731684534  0.461868211697  0.639301015078  0.858272606157  
0.521960370759  0.298946989371  0.400701292959  0.564928045474  0.793729681718  1.05148472372  
0.703845739995  0.274013530093  0.364711635995  0.505797167525  0.699636120804  0.935335761647  
0.468496142948  0.272781935754  0.368279768593  0.518113034699  0.72652819717  0.980346622135  
0.432018505372  0.284220854721  0.376453650953  0.51855457158  0.716647325794  0.953364072217  
0.356675443254  0.263512356616  0.355122488337  0.489244335357  0.676358992996  0.905053134624  
0.489389759697  0.287920317902  0.381665523849  0.523528148969  0.723557631702  0.96319244716  
0.34310555433  0.290564540273  0.385260475411  0.527131344518  0.728053429049  0.969471183302  
0.725163519382  0.277691676618  0.376086654126  0.526069424287  0.737194045333  0.992976198852  
0.469837823442  0.281511938797  0.372549478223  0.51474373518  0.711092527938  0.945672761345  
0.35531636602  0.281616784191  0.373789380568  0.517393014334  0.717352747629  0.957504041532  
0.553686344188  0.290436372911  0.390253522708  0.540740013587  0.750946113861  1.00205295693  
0.367523267849  0.281393348432  0.372472443987  0.514897481693  0.711966196512  0.947674768451  
0.390761595869  0.298151953451  0.396548722818  0.5441759213  0.74799609465  0.992341464031  
0.596257452533  0.296114758192  0.396275340018  0.548211967867  0.760073998462  1.01075869323  
0.798029833012  0.28600039833  0.380041169478  0.523351661566  0.724906477239  0.967105512279  
0.713673587829  0.260050034383  0.349778205251  0.480549767471  0.667684789996  0.892986046534  
0.724924567322  0.284709693101  0.377472586286  0.519968843355  0.719325383445  0.958079391634  
0.730839789402  0.286464511057  0.38012647534  0.5226422326  0.723037553924  0.962860134197  
0.666965172691  0.30114370749  0.402438780286  0.564808289823  0.794073291179  1.0522482384  
0.577645022765  0.286927930929  0.380987580719  0.52401008672  0.726497373831  0.971101228368  
0.436404696072  0.275406541123  0.365191356433  0.505114216888  0.696052344606  0.928712653439  
0.385795530813  0.275274477801  0.365761080115  0.507242994956  0.701092158411  0.935783972042  
0.726179042644  0.279311743793  0.36993835064  0.512961277686  0.709754406909  0.945459313401  
0.413473636073  0.288008916837  0.382123353253  0.524469819265  0.725807656216  0.967858763673  
0.82276600929  0.264557551561  0.356447990621  0.492370544735  0.68078879401  0.913636950854  
0.4884996358  0.292438417335  0.388557517421  0.533014323886  0.734811862011  0.980297452301  
0.308008913089  0.269096078389  0.359820036763  0.496637622053  0.683708480392  0.915715731223  
0.502221568551  0.282407245996  0.373805389797  0.516325543018  0.714238125144  0.950696224573  
0.466727950826  0.296648679683  0.395316780261  0.544443587828  0.752205453936  1.00091273372  
0.349453083477  0.274399059367  0.36548560095  0.507912960521  0.704163535089  0.941301467243  
0.535246891807  0.281415631439  0.380338922455  0.530771714767  0.741662065698  0.996622103742  
0.389089504236  0.278239336199  0.36837134274  0.511296606376  0.70699177809  0.942033327587  
0.766878617938  0.300114906072  0.399906954031  0.550248137771  0.758410344616  1.00511855092  
0.825909533201  0.2925015751  0.38871307  0.53341981569  0.735327937799  0.981030640386  
0.470007223932  0.285993527248  0.38592612494  0.53615666734  0.746153242166  0.997871892053  
0.593461313185  0.291196502502  0.39303500354  0.546376015038  0.759976922003  1.01208517294  
0.467632339562  0.291735237812  0.390127920056  0.550566097384  0.773775635266  1.03100475853  
0.337501201374  0.291634601256  0.390858326446  0.541691870867  0.753148182653  1.00561777307  
0.378026091278  0.295928676048  0.39567491846  0.546459825877  0.756008191685  1.0048326699  
0.48423952572  0.291996140399  0.38854644242  0.534131805417  0.737051109754  0.984404361982  
0.675824207374  0.299540593095  0.406964412079  0.569249001564  0.794200717791  1.04760583013  
0.426923052148  0.29306725449  0.390465880469  0.537556615123  0.742463783457  0.990199488686  
0.344074627308  0.278779350145  0.368659706299  0.511190700434  0.706542630156  0.941852213428  
0.325247367506  0.270276558204  0.361901111602  0.502327027105  0.696303287446  0.9336691087  
0.471379672639  0.296399577191  0.395988460452  0.547128283243  0.758129486561  1.008663263  
0.686855335015  0.296944871769  0.39527237981  0.543413314122  0.749198425277  0.996332064293  
0.652593539533  0.292825546416  0.391533497044  0.541057952306  0.749567836332  0.998981329186  
0.735634604377  0.278266168113  0.367952166375  0.509783988354  0.703455880021  0.937207093468  
0.49850503286  0.273109392202  0.363733408044  0.503812415734  0.69587393061  0.930424396422  
0.629110052605  0.265190709087  0.356152222418  0.490042339913  0.676120016955  0.903092247703  
0.43840983506  0.261659332098  0.352788458557  0.486278066121  0.67428587881  0.90332392673  
0.535311754717  0.299570601366  0.403629305845  0.561105484969  0.779071626168  1.0309738864  
0.524398164084  0.284855377611  0.382271280738  0.531130840058  0.741590557353  0.996732450994  
0.542962089116  0.253980524612  0.338960675775  0.465015185722  0.643612250203  0.861894552296  
0.289260389022  0.266506168179  0.357813898766  0.494001975512  0.681927152699  0.91484904968  
0.34519932035  0.29163626166  0.388404706101  0.534899542871  0.739902925844  0.989138421358  
0.342682113845  0.283095104915  0.375551754103  0.518625783276  0.718230631298  0.957553278247  
0.635071369455  0.287170913336  0.381761586895  0.525267041132  0.728851271741  0.974770820057  
0.668447652359  0.26140266224  0.351869043483  0.483584590186  0.670020204814  0.89438324047  
0.535209338001  0.279831902499  0.376424027589  0.523633613234  0.730216556008  0.980018143706  
0.532448085911  0.292086580399  0.387850426808  0.531643591962  0.733055784533  0.977179342824  
0.44982182063  0.289709999515  0.390542654833  0.543856563986  0.75841571683  1.01229857137  
0.721863138324  0.283550752394  0.378953407464  0.524788194978  0.730942242397  0.980032462337  
0.490780707372  0.29741811999  0.396843091407  0.547524441972  0.757738670447  1.00767240389  
0.484371128245  0.28537383446  0.388515262494  0.54445010499  0.761913049353  1.01707840655  
0.63144973409  0.297089889865  0.395290386435  0.543681431134  0.750283404786  0.997922765664  
0.711126879797  0.289832128841  0.384132050402  0.525536059257  0.725559531479  0.964651740134  
0.415569570093  0.294289048052  0.391500505887  0.537953092276  0.741737525131  0.988812094735  
0.400443234054  0.277060853994  0.367454704902  0.510242645719  0.706354748897  0.942600933144  
0.53491585446  0.292993449791  0.39034105457  0.537589181294  0.743089884705  0.991418588777  
0.607820153326  0.270498730487  0.361143207567  0.499068334255  0.687880994543  0.921347335928  
0.570348354219  0.301639756707  0.402997496488  0.55582363924  0.76711984257  1.01445377159  
0.445230398315  0.269277102669  0.365830607673  0.514862387194  0.722036997274  0.973521791361  
0.760778463479  0.245314492204  0.324811159372  0.450686938812  0.624702146799  0.839563265697  
0.353308360599  0.303782451956  0.406556997308  0.561713875547  0.775969832823  1.02451221017  
0.433433365092  0.269671462425  0.359904991368  0.496060387967  0.682536219711  0.913645535011  
0.659001262586  0.283613606897  0.374538561014  0.515330821559  0.709709328475  0.941988060286  
0.36301469249  0.283292857948  0.376771952391  0.521143534372  0.724333615204  0.970124472531  
0.595750411036  0.268564897349  0.360454670625  0.500057154577  0.692879628359  0.929802125424  
0.401184263288  0.262509857851  0.354158620079  0.488595855547  0.676948168032  0.908142362454  
0.46189082875  0.265142086346  0.356506554153  0.491487550678  0.678661544585  0.908558179227  
0.626399165379  0.297680049302  0.397401822631  0.548386222643  0.758580351498  1.00780885701  
0.430520519139  0.283435272883  0.376292895196  0.520073193532  0.721897958361  0.965130421575  
