# limits
# 
# mass observed -2sig -1sig median_exp +1sig +2sig
# -------------------------------------------
400  0.775504234526  0.291631702828  0.391249926523  0.542416303607  0.753129361489  0.915209430523  
425  0.383755739784  0.202554101067  0.273155270302  0.382032964514  0.537213314215  0.730353929761  
450  0.357371989544  0.168215850311  0.226649101128  0.316618471711  0.445049363044  0.605012140449  
475  0.312116871049  0.140065654325  0.189140344669  0.264788025501  0.373587092396  0.510098622559  
500  0.256281907879  0.123201339658  0.166519859736  0.2332284338  0.329772231918  0.451009239316  
525  0.212073963584  0.0999859782535  0.13522837386  0.189671894707  0.268349931445  0.36761637239  
550  0.175935208762  0.0904757401694  0.122370628236  0.17196541234  0.243858965647  0.334944142757  
575  0.217120663662  0.0794437106223  0.107652221146  0.151244954266  0.215083099018  0.296160253773  
600  0.157198183711  0.0672079889093  0.0905713661786  0.128089273189  0.182281364197  0.252341570242  
625  0.12456924826  0.0661552028088  0.0891622309768  0.125547699863  0.178441787433  0.24592576003  
# limits
# 
# mass observed -2sig -1sig median_exp +1sig +2sig
# -------------------------------------------
400  0.618626211192  0.302889251881  0.407232754207  0.566537621852  0.785632992312  0.948556509517  
425  0.430894520628  0.201154647324  0.270954028414  0.378116334642  0.530439254593  0.7189598437  
450  0.390845384397  0.161417804922  0.217692363041  0.303943959326  0.42744343611  0.581299011502  
475  0.28518355286  0.141613362846  0.191336798264  0.268178369226  0.378442436873  0.516842460654  
500  0.256428575082  0.124497858943  0.168118517476  0.235514377209  0.332565877518  0.454589075871  
525  0.218964276169  0.0988285253984  0.133347104114  0.187240637895  0.264709946604  0.36287449963  
550  0.172838982887  0.0900067867686  0.121515112265  0.170903129217  0.242120028399  0.33242336027  
575  0.194772008141  0.0779813479835  0.105451923802  0.148354711518  0.210764867835  0.290550512439  
600  0.149895337328  0.0675740802655  0.090990777112  0.128726125023  0.183233013568  0.25334963539  
625  0.142684769168  0.0671067866583  0.0905023174409  0.128139241503  0.182707507995  0.25334950405  
# limits
# 
# mass observed -2sig -1sig median_exp +1sig +2sig
# -------------------------------------------
400  0.77342943907  0.301197244699  0.401956293075  0.553891444435  0.764015170709  0.922164894312  
425  0.383228696405  0.206274496066  0.278006271457  0.388287438671  0.551954075039  0.746625094222  
450  0.356697367615  0.16748912552  0.225552938112  0.314917630654  0.442585577214  0.601349855665  
475  0.272932463028  0.144790957305  0.195362635179  0.273462606026  0.385859573062  0.526832072113  
500  0.241150638382  0.125260025947  0.169061171949  0.236929315919  0.3344612439  0.457512570218  
525  0.209607076996  0.100167411563  0.135445428843  0.189879682441  0.268520811184  0.367686581677  
550  0.159459005712  0.091234917309  0.123567177419  0.173348082023  0.245406116674  0.336391950727  
575  0.196522648963  0.079200074155  0.107289623559  0.15075435781  0.2142561077  0.295062963373  
600  0.141983370397  0.0687429893527  0.0928655629663  0.130768088352  0.186279617335  0.257019420711  
625  0.144925896889  0.0654677852395  0.088562481846  0.125132240697  0.178874871599  0.248207484152  
# limits
# 
# mass observed -2sig -1sig median_exp +1sig +2sig
# -------------------------------------------
400  0.771984487733  0.296917550434  0.40144159863  0.554913307836  0.765882951213  0.924059233909  
425  0.384404737803  0.205983453717  0.277605493812  0.387718947063  0.552754112005  0.747454812583  
450  0.360015109802  0.167055911197  0.224938069429  0.314053349877  0.441439763654  0.599687352565  
475  0.269700351897  0.14539274534  0.196166013615  0.274556126792  0.387326148895  0.528690424736  
500  0.241432935919  0.125151014692  0.168917620275  0.236730135951  0.334211213727  0.457134972017  
525  0.209919671852  0.100048744614  0.135274465936  0.189660397898  0.26820757927  0.36725905803  
550  0.16091339666  0.0915125403283  0.123908387063  0.173815889762  0.246069128121  0.337286466792  
575  0.183878505291  0.0797680242166  0.108176916193  0.151957199839  0.216372059284  0.298113574898  
600  0.143820186317  0.0683517411612  0.0921889366885  0.130048549314  0.185197462478  0.255650489118  
625  0.144922358697  0.0654506504091  0.088554548865  0.125122051527  0.178859056623  0.248193567138  
# limits
# 
# mass observed -2sig -1sig median_exp +1sig +2sig
# -------------------------------------------
400  0.775501907487  0.29165028039  0.391306735179  0.542479844768  0.753213901482  0.914770682066  
425  0.384760822262  0.202703155566  0.272943826016  0.382320217652  0.537623570048  0.730943568489  
450  0.360441448002  0.167251270285  0.225288808139  0.314678330756  0.442480545713  0.601437555353  
475  0.29217244646  0.141975412675  0.191781751086  0.268809484694  0.379247478065  0.517759270449  
500  0.256342945705  0.123273862984  0.166633496731  0.233404277363  0.330008882401  0.451312057946  
525  0.218472836086  0.0988981833432  0.133473937501  0.187424050871  0.264995062772  0.363208687861  
550  0.173970970436  0.0894495705402  0.12075733828  0.169758382463  0.240483109447  0.330127315829  
575  0.199632782809  0.078469726688  0.106193287415  0.149338655535  0.212132105348  0.292450939623  
600  0.150786845245  0.0677111361806  0.0911499326788  0.12896173346  0.183581418466  0.253751688394  
625  0.124645155538  0.0662533007152  0.0892865321919  0.125779666534  0.178749651389  0.246435324  
# limits
# 
# mass observed -2sig -1sig median_exp +1sig +2sig
# -------------------------------------------
400  0.758153493622  0.288258600708  0.386831411438  0.536775581182  0.746700268572  0.91088057513  
425  0.394655200419  0.205970630681  0.2777047302  0.387943565463  0.545186581443  0.740272694313  
450  0.380530069926  0.170022545341  0.228817379406  0.318915253455  0.446660369896  0.604933033427  
475  0.309100221684  0.140451637498  0.18963779881  0.265479966639  0.374395324575  0.511177614951  
500  0.265929861285  0.12472164336  0.168341876477  0.235705830036  0.332545931568  0.454078346552  
525  0.219692187288  0.0997958276485  0.134860063657  0.189144202614  0.267418144089  0.366057299625  
550  0.186967183661  0.0894997558407  0.120906951898  0.170150315516  0.241376839004  0.33191521679  
575  0.213995833088  0.0809051022278  0.109726085194  0.15420186933  0.218788845061  0.300618884587  
600  0.154094064387  0.0692329913639  0.093655256042  0.131560446623  0.187503766951  0.258747959661  
625  0.130698898315  0.0648255174099  0.0875582041146  0.122975984678  0.175147998144  0.241725890853  
# limits
# 
# mass observed -2sig -1sig median_exp +1sig +2sig
# -------------------------------------------
400  0.760572740139  0.295222200568  0.395754361612  0.548077521301  0.759310682907  0.919473560143  
425  0.386808418358  0.200246647768  0.270040726535  0.377499986643  0.531131831602  0.722276098587  
450  0.363282265872  0.169648413506  0.228516794088  0.318892864424  0.447503506354  0.607219151226  
475  0.307421077209  0.140840803817  0.190232276455  0.266515987898  0.375683256411  0.512680390219  
500  0.26774411377  0.123072761416  0.166318488755  0.232892093378  0.32916168786  0.449967101327  
525  0.216017435641  0.0997944747059  0.134912856891  0.189256566483  0.267733557981  0.366717408613  
550  0.186246689681  0.0900914673014  0.121649208314  0.171112248302  0.242420620414  0.332816291941  
575  0.220140492848  0.0795004187206  0.107722468965  0.151285554997  0.215040016005  0.295953456572  
600  0.155927503136  0.0667737335451  0.0900216046027  0.127199496491  0.181069891178  0.250527976603  
625  0.14620404748  0.0652798468818  0.0883194857894  0.124643290252  0.178109188646  0.246882309137  
# limits
# 
# mass observed -2sig -1sig median_exp +1sig +2sig
# -------------------------------------------
400  0.753911677854  0.289713323908  0.388617125461  0.538757287598  0.748446407339  0.911573582312  
425  0.355679942612  0.207272753263  0.279645120969  0.391270328885  0.550992903381  0.749861973592  
450  0.331098939016  0.172379575453  0.232495211788  0.325086632262  0.457401990666  0.622450129814  
475  0.317441432967  0.142308735203  0.192141953733  0.268828101521  0.37832131315  0.515456359923  
500  0.254613320698  0.12371290011  0.167190199136  0.234231031936  0.331083663485  0.452815884144  
525  0.196172300802  0.102044190219  0.138108085562  0.193510051458  0.273624437461  0.374825588885  
550  0.172165949777  0.0911466343747  0.123546738241  0.17355221046  0.24614750952  0.342772276901  
575  0.180858954106  0.0836568579956  0.112947272365  0.158889420592  0.225224452636  0.309517201615  
600  0.132284334805  0.0667942953862  0.0900252342849  0.127148194595  0.18091408422  0.250154305543  
625  0.117502417804  0.067467468449  0.0907183911709  0.127966938384  0.181502924186  0.250205802653  
# limits
# 
# mass observed -2sig -1sig median_exp +1sig +2sig
# -------------------------------------------
400  0.796530975044  0.290825177654  0.390311221548  0.541332724838  0.752168140241  0.914801443289  
425  0.389079581903  0.202397682116  0.272965060877  0.381736813813  0.536909716811  0.730142351008  
450  0.357171981638  0.167990565168  0.226338357709  0.316198944615  0.444531144062  0.60443018774  
475  0.311640733555  0.13996996128  0.188972402344  0.264490036988  0.373142628755  0.509397866922  
500  0.26706460827  0.123813800354  0.167207429439  0.234082068549  0.330615550027  0.451785843941  
525  0.211093650164  0.100046724818  0.135314364527  0.189806902416  0.268567523717  0.367966463904  
550  0.181645454597  0.0922538288152  0.124797992757  0.174964544208  0.24745997192  0.338957976546  
575  0.217365692132  0.0813194286963  0.110163187303  0.154827791856  0.219498069735  0.301531585669  
600  0.157044761013  0.0671088479666  0.0904463314039  0.127891149251  0.182014498333  0.25195718595  
625  0.145452121188  0.0663947701149  0.0897013947108  0.126985003992  0.181325931389  0.251722223138  
