# limits
# 
# mass observed -2sig -1sig median_exp +1sig +2sig
# -------------------------------------------
400  0.488797086967  0.272407777114  0.366481149929  0.510510195911  0.713802707376  0.888629904292  
425  0.487044545254  0.217668462373  0.293668450178  0.411315452564  0.579749094895  0.784204357005  
450  0.402690152831  0.172887016053  0.233576822727  0.327577803578  0.462044186106  0.630087658576  
475  0.466033047571  0.152065705364  0.205510887805  0.287723391358  0.405132693737  0.551932345342  
500  0.40149687967  0.140401728435  0.189666513912  0.265756913196  0.375053303702  0.512437336988  
525  0.342941584651  0.115347090352  0.156277484769  0.220264157105  0.313352878169  0.431876155573  
550  0.268807298349  0.108227993341  0.146416032739  0.205923789206  0.292369454276  0.402428265723  
575  0.319004841956  0.0947682196189  0.128414415185  0.181021113376  0.258201727392  0.35675864349  
600  0.253291730701  0.0855588945036  0.116069126798  0.1639676077  0.234544259586  0.325499358072  
625  0.21318558189  0.0728724665015  0.0991454513962  0.140433886469  0.201547009959  0.280949966371  
# limits
# 
# mass observed -2sig -1sig median_exp +1sig +2sig
# -------------------------------------------
400  0.509432438152  0.280688296982  0.377477646765  0.525651188236  0.735347338048  0.905581497852  
425  0.460542290897  0.219182745121  0.295711543405  0.414015470794  0.583601419909  0.788036101751  
450  0.412958812496  0.174127655267  0.235263095542  0.329778547822  0.465298139564  0.635225843357  
475  0.476278558203  0.154426167636  0.208343451057  0.291428291987  0.410427310476  0.558779458233  
500  0.401505779262  0.140438445255  0.189714145114  0.265824045627  0.375146266042  0.512516508229  
525  0.34046192539  0.118236303547  0.159977097895  0.225255968003  0.320062902494  0.440686761783  
550  0.272064638132  0.111178546653  0.150551355981  0.211637472974  0.300538123167  0.413741597789  
575  0.300325531181  0.0977722410449  0.132429614649  0.187520744119  0.268034785705  0.371487361766  
600  0.235482760606  0.0863996594666  0.117450160155  0.166599868845  0.239410604706  0.334008347632  
625  0.213160643263  0.0728476354327  0.0991189602326  0.140406170366  0.201503848201  0.280863618779  
# limits
# 
# mass observed -2sig -1sig median_exp +1sig +2sig
# -------------------------------------------
400  0.488880319272  0.277075253836  0.372613045876  0.518489394332  0.724708479142  0.896838842359  
425  0.50085169134  0.218022227428  0.294019762627  0.411690510391  0.580038422058  0.784088670291  
450  0.394870763654  0.175890499145  0.23746813686  0.332525727454  0.468770572487  0.63880977872  
475  0.482645901253  0.153432431825  0.207065976927  0.289579342784  0.407450188518  0.554333231657  
500  0.389630631215  0.14453090884  0.195167791707  0.273431094112  0.386092186864  0.526958160097  
525  0.317728913586  0.12018977221  0.162603877248  0.229010971725  0.324729878866  0.446350544543  
550  0.251246222829  0.112515023721  0.152129474179  0.213966899788  0.303335050393  0.416614454004  
575  0.322458211782  0.0922003836687  0.125281403822  0.176771423795  0.25194157873  0.348534037555  
600  0.239050378364  0.0898861970888  0.121873731865  0.172339942444  0.246385813675  0.341740394803  
625  0.206774421275  0.0753043127419  0.101846232936  0.14452653855  0.207170762318  0.288134520713  
# limits
# 
# mass observed -2sig -1sig median_exp +1sig +2sig
# -------------------------------------------
400  0.476121816989  0.273526570963  0.368045253368  0.512503660391  0.716492693412  0.890412109935  
425  0.49267454487  0.218400220372  0.294432730289  0.411981643391  0.579943229675  0.783381493525  
450  0.388186730668  0.175714150138  0.237237295356  0.332279086009  0.46846382979  0.638159165243  
475  0.429859891066  0.156757924863  0.211155589654  0.295046504119  0.41467779176  0.563088644327  
500  0.367121702906  0.145316888524  0.195960847037  0.274025445149  0.386107582781  0.526161106142  
525  0.332881391465  0.120316915271  0.162731323082  0.229036552958  0.324629159251  0.44563469008  
550  0.253187224869  0.1128339108  0.152447527351  0.214243597354  0.303461654847  0.41645081547  
575  0.277129167063  0.100387254433  0.136175216463  0.191542341899  0.272362093969  0.375209013718  
600  0.215733363393  0.0910736648556  0.123808501657  0.174711088969  0.249160615413  0.344278602849  
625  0.20249246723  0.0760121888472  0.102863812161  0.145714678361  0.208539501897  0.289684894202  
# limits
# 
# mass observed -2sig -1sig median_exp +1sig +2sig
# -------------------------------------------
400  0.495249658904  0.273219681102  0.367730284979  0.512356745759  0.716447895008  0.890975618399  
425  0.487983122749  0.217838969615  0.293823276267  0.411543461978  0.580101399375  0.784542516425  
450  0.40535668242  0.174208603325  0.235258402153  0.329605350219  0.464470028307  0.632905188053  
475  0.473702579162  0.153236735636  0.206968055785  0.289736089888  0.408040709434  0.555595000265  
500  0.390829797523  0.143269496221  0.193346894903  0.270922690611  0.382054380457  0.521197060704  
525  0.338519013371  0.117624264698  0.159256416284  0.224237082975  0.318783141037  0.438692187446  
550  0.271132347319  0.110416812415  0.149583748459  0.21033095288  0.298527404972  0.410534564308  
575  0.316758880822  0.0952963479743  0.129054299151  0.181869415523  0.259441363914  0.358455737601  
600  0.227874530843  0.0893531057759  0.121097636243  0.171283041669  0.244804619561  0.339382944327  
625  0.20338630983  0.0754529044717  0.102087670108  0.14486902875  0.207686443821  0.288913820378  
# limits
# 
# mass observed -2sig -1sig median_exp +1sig +2sig
# -------------------------------------------
400  0.565586767478  0.258733983489  0.348245451496  0.485343829472  0.679432803404  0.863262361229  
425  0.577886674731  0.196979238286  0.266080564096  0.373093553756  0.526751209419  0.719247900695  
450  0.396189526842  0.169333664747  0.229034189376  0.321638169825  0.455057220986  0.622739294328  
475  0.532805267997  0.143121165786  0.193221877688  0.270805296233  0.381775175614  0.52040799536  
500  0.366926739494  0.142520006608  0.192708872247  0.270791726692  0.383148165664  0.524747645164  
525  0.371926275257  0.112233093909  0.151996797857  0.214189720884  0.304149921537  0.418439792144  
550  0.315389627362  0.0992871052816  0.134491367338  0.189437646583  0.269255298929  0.370649646361  
575  0.289341350915  0.0903221979677  0.122756967747  0.173774210957  0.24876678767  0.344963437812  
600  0.233438538069  0.0803564630495  0.109453997734  0.15507745921  0.222076512907  0.308925087295  
625  0.220958160991  0.0706047087234  0.0965312771715  0.136795750871  0.196328848483  0.27338886533  
