# limits
# 
# mass observed -2sig -1sig median_exp +1sig +2sig
# -------------------------------------------
400  0.47873009398  0.208194014463  0.280008073204  0.390002288557  0.54550612096  0.736408399834  
425  0.292088623849  0.150572716419  0.202753045228  0.283252610489  0.398002673148  0.540436330237  
450  0.251479985484  0.127424097087  0.17142093365  0.239623932946  0.336615550794  0.45717555307  
475  0.293915532527  0.1101385866  0.148503203534  0.207384348761  0.291360467292  0.395769882307  
500  0.225673369721  0.0954773372257  0.12855791724  0.179675281058  0.252767871828  0.344207468444  
525  0.195407210211  0.0804787414831  0.108807686113  0.151956277822  0.21444653985  0.292529091436  
550  0.14850521738  0.0719936929807  0.0974080719068  0.136275174586  0.19197372697  0.262299821667  
575  0.171705019378  0.0650072439568  0.0875209113897  0.122186581618  0.172615285939  0.236317492789  
600  0.143235506862  0.0549334390273  0.0738261146783  0.103413756995  0.146545493201  0.200822730511  
625  0.112976181076  0.0504855876584  0.068683230896  0.0963637541977  0.136271693189  0.186845327345  
