# limits
# 
# mass observed -2sig -1sig median_exp +1sig +2sig
# -------------------------------------------
400  0.476069126951  0.273445664572  0.367922869449  0.512331340411  0.716261644109  0.890231441557  
425  0.49267454487  0.218400220372  0.294432730288  0.411981643395  0.579943229673  0.783381493529  
450  0.388229669752  0.17574433575  0.23728125953  0.332353310867  0.468536185591  0.638254092639  
475  0.429866205163  0.15679881503  0.211205484769  0.295123790746  0.414760930267  0.563213438788  
500  0.367121702906  0.145316888525  0.195960847038  0.274025445153  0.386107582781  0.526161106142  
525  0.339750273192  0.117676001594  0.159270619398  0.224154320135  0.318616026388  0.438276668487  
550  0.253180823059  0.112821636586  0.152431984449  0.214223003919  0.303436626855  0.416410638395  
575  0.277129167063  0.100387254433  0.136175216463  0.191542341899  0.272362093969  0.375209013718  
600  0.215733363393  0.0910736648564  0.123808501658  0.174711088969  0.249160615413  0.344278602849  
625  0.202484354404  0.0759903449  0.102831679852  0.145671410054  0.208481229751  0.289603533505  
