# limits
# 
# mass observed -2sig -1sig median_exp +1sig +2sig
# -------------------------------------------
400  0.753911677856  0.289713323906  0.388617125457  0.5387572876  0.748446407336  0.911573582299  
425  0.230096458713  0.194768831039  0.262368226595  0.36628355063  0.514217980834  0.697908855251  
450  0.331098939017  0.172379575455  0.232495211792  0.325086632262  0.457401990664  0.622450129811  
475  0.317441432966  0.14230873567  0.192141953733  0.268828101521  0.378321313149  0.515456359924  
500  0.254613320697  0.123712900105  0.167190199132  0.234231031932  0.331083663483  0.452815884142  
525  0.196172300801  0.102044190221  0.138108085563  0.193510051457  0.273624437462  0.374825588885  
550  0.172165949782  0.0911466343761  0.123546738239  0.173552210459  0.246147509516  0.342772276901  
575  0.180858954106  0.0836568579947  0.112947272367  0.158889420587  0.225224452636  0.309517201615  
600  0.151994006453  0.0678557022979  0.0913870999301  0.129049471154  0.183607600017  0.253584236765  
625  0.117503076897  0.0674689221655  0.0907201345473  0.127969243281  0.181505754149  0.25020799123  
